步骤如下：
1、创建数据库，数据库名称随意，表名称结构请安图片信息来做
2、把wx文件夹和dzp.aspx和dzp.aspx.cs拷贝到你的网站根目录
3、dzp.aspx.cs中汉字部分数据库名称和密码改成自己的
4、cs文件中，提示的内容须自行修改
5、一切好之后发布网站即可


中奖率：
打开  大转盘源码 dzp.aspx

可以看到  1, 2, 3, 4, 5, 0,6,7,8,9,10,11,12,13,14,15,16,17,18,19,20,21,22,23,24,25,26,27,28,29,30,31,32,33,34,35,36,37,38,39,40,41,42,43,44,45,46,47,48,49,50,51,52,53,54,55,56,57,58,59,60,61,62,63,64,65,66,67,68,69,70,71,72,73,74,75,76,77,78,79,80,81,82,83,84,85,86,87,88,89,90,91,92,93,94,95,96,97,98,99
这99个数，

                    if (data == 1 || data==2) {//一等奖4%
                        rotateFunc(0, '恭喜您抽中的一等奖')

随机产生100个数字，当等于1，2时就中了一等奖
如果设成  data == 100 || data==200    那一等奖肯定就中不了的，因为系统就不会出现100,200 最大的数，才99
二等奖，三等奖同样设置就行了，